90 -62 0 90 1
90 -28 0 90 1
90 6 0 90 1
90 75 0 90 1
45 93 0 108 1
45 93 0 160 1
45 93 0 211 1
-45 -107 0 120 1
-45 -107 0 150 1
-45 -107 0 180 1
-45 -107 0 210 1
0 63 0 238 1
0 17 0 238 1
0 -29 0 238 1
0 -75 0 238 1
90 150 0 90 1
90 180 0 90 1
90 247 0 90 1
45 272 0 108 1
45 272 0 160 1
45 272 0 211 1
-45 125 0 190 1
-45 125 0 130 1
0 150 0 238 1
0 200 0 238 1
0 250 0 238 1
90 -5 0 273 1
90 45 0 273 1
90 95 0 273 1
0 110 0 382 1
0 78 0 382 1
0 46 0 382 1
0 14 0 382 1
0 -18 0 382 1
0 -50 0 382 1
0 -82 0 382 1
90 205 0 273 1
90 245 0 273 1
45 273 0 305 1
45 273 0 355 1
-45 163 0 305 1
-45 163 0 355 1