0 190 -100 335 20

0 279 -106 -549 20

0 350.748 -106.7 -501.566 20

0 439.091 -106.7 -459.173 20

0 -611.503 -98.9999 117.982 20

0 -615.694 -98.9999 19.6008 20

0 -614.896 -98.9999 -59.6639 20

0 -398.195 -98.9999 606.026 20

0 -333.068 -98.9999 573.776 20

0 -262.544 -98.9999 531.941 20

0 -178.487 -98.9999 485.354 20

0 -120.881 228.1 359.29 20

0 -113.228 228.1 322.068 20

0 -103.852 228.1 276.472 20

0 -94.6678 228.1 231.806 20

0 -83.9529 228.1 179.697 20

0 -74.5774 228.1 134.101 20

0 -65.3932 228.1 89.4353 20

0 -56.0176 228.1 43.8392 20

0 -46.8334 228.1 -0.826361 20

0 -37.8406 228.1 -44.5613 20