DATA/MATI/kiso.IMO 1

0
0
0

0
0
0

DATA/MATI/bill.IMO 3

0
0
0

968
0
261

0
-120
0

-709.2846
0
707.7679

0
120
0

-257
0
-968.1769

DATA/MATI/bill2.IMO 3

0
0
0

377
0
102

0
120
0

-100.591
0
-377.6506

0
-120
0

-276.225
0
275.6244

DATA/MATI/chika.IMO 3

0
0
0

0
0
0

0
-120
0

0
0
0

0
120
0

0
0
0

DATA/MATI/kafe.IMO 3

0
0
0

-269
0
-14

0
120
0

122.3756
0
239.9608

0
-120
0

146.6244
0
-225.9608

DATA/MATI/konbini.IMO 3

0
0
0

350
0
-66

0
-120
0

-117.8423
0
336.1089

0
120
0

-231.6577
0
-269.2429

DATA/MATI/manho-ru.IMO 3

0
0
0

572
0
0

0
-120
0

-286
0
495.3665

0
120
0

-286
0
-495.3665

DATA/MATI/mansyon.IMO 3

0
0
0

708
0
79

0
120
0

-285.584
0
-652.626

0
-120
0

-422.416
0
573.646

DATA/MATI/mo-ru1.IMO 3

0
0
0

-540
0
-102

0
120
0

181.1654
0
517.7877

0
-120
0

358.3346
0
-416.6537

DATA/MATI/mo-ru2.IMO 3

0
0
0

-918
0
-119

0
-120
0

562.057
0
-735.5113

0
120
0

355.943
0
854.5113

DATA/MATI/tenanto.IMO 3

0
0
0

729
0
309

0
120
0

-96.8982
0
-785.8325

0
-120
0

-632.1018
0
476.8325

DATA/MATI/jimen.IMO 0

0
0
0

0
0
0

0
60
0

0
0
0

0
120
0

0
0
0

DATA/MATI/bill3.IMO 3

0
0
0

953
0
86

0
-120
0

-551.1916
0
782.6919

0
120
0

-402.2762
0
-863.7627

DATA/MATI/bill4.IMO 3

0
0
0

1014
0
-126

0
120
0

-634.1192
0
-846.3267

0
-120
0

-397.8808
0
941.1198

DATA/MATI/ho-ru.IMO 3

0
0
0

-582
0
158

0
-120
0

154.168
0
-583.0268

0
120
0

427.832
0
425.0268

DATA/MATI/hasira.IMO 3

0
0
0

571
0
299

0
120
0

-27
0
-616

0
-120
0

-548
0
348

DATA/MATI/library.IMO 0

0
0
0

-245
-53
66.7

0
-120
0

64.7
-53
-304

0
120
0

236.3
-53
211.1736

DATA/MATI/wc.IMO 3

0
0
0

-331
0
117

0
-120
0

67.6391
0
-343.1544

0
120
0

261.6288
0
231.1544
