6.24	133.232		173	-463.02		20
6.24	187.631		173	-462.778	20
6.24	242.031		173	-462.536	20
6.24	296.43		173	-462.293	20
6.24	376.43		173	-461.937	20
6.24	-111.355	247	381.36		20
6.24	-48.3685	247	327.001		20
6.24	2.50537		247	283.096		20
6.24	67.9146		247	226.646		20
6.24	126.056		247	176.469		20
6.24	186.62		247	124.2		20
6.24	247.184		247	71.932		20
6.24	312.594		247	15.4822		20
6.24	379.04		246	-42.2818	20
6.24	-134.806	140	-346.433	20
6.24	-106.266	140	-306.112	20
6.24	-79.9207	140	-268.892	20
6.24	-49.185		140	-225.469	20
6.24	-3.08154	140	-160.335	20
6.24	27.6541		140	-116.912	20
6.24	71.5622		140	-54.8787	20
6.24	97.907		140	-17.659		20
6.24	137.424		140	38.1707		20
6.24	170.355		140	84.6954		20
6.24	207.677		140	137.423		20
6.24	238.413		140	180.846		20
6.24	273.539		140	230.473		20
6.24	302.08		140	270.794		20
6.24	-462.824	188	148.393		20
6.24	-528.101	188	168.825		20
6.24	-604.258	188	192.662		20
6.24	-676.789	188	215.363		20
6.24	-749.319	188	238.065		20
6.24	-825.476	188	261.902		20
6.24	-1005.7		229	-15.1378	20
6.24	-1005.8		229	38.0621		20
6.24	-1005.92	229	106.462		20
6.24	-1006.02	229	163.462		20
6.24	-947.54		281	-217.896	20
6.24	-906.039	281	-251.181	20
6.24	-846.752	281	-298.73		20
6.24	-796.358	281	-339.147	20
6.24	-740.035	281	-384.319	20
6.24	-683.712	281	-429.491	20
6.24	-627.39		281	-474.663	20
6.24	-565.138	281	-524.59		20
6.24	-505.851	281	-572.14		20
6.24	-455.456	281	-612.558	20
6.24	-393.204	281	-662.485	20
6.24	-339.845	281	-705.28		20
6.24	-286.486	281	-748.075	20
6.24	762.995		353	184.08		20
6.24	682.653		353	162.461		20
6.24	617.761		353	144.999		20
6.24	555.959		353	128.368		20
6.24	494.157		353	111.738		20
6.24	432.355		353	95.107		20
6.24	370.554		353	78.4765		20
6.24	311.842		353	62.6774		20
6.24	256.22		353	47.7099		20
6.24	194.419		353	31.0794		20
6.24	132.617		353	14.4488		20